Problem 3
[-3,1,0,0,5,2]
[-3, 1, 0] [ 0, 5, 2]
[-3, 1][0][0, 5][2]
[-3][1][0][0][5][2]
[-3, 1][0, 0][2, 5]
[-3, 0, 0, 1][2, 5]
[-3, 0, 0, 1, 2, 5]

Problem 4
[1,0,1,0,1,0,1,0]
[1,0,1,0][1,0,1,0]
[1,0][1,0][1,0][1,0]
[1][0][1][0][1][0][1][0]
[0,1][0,1][0,1][0,1]
[0,0,1,1][0,0,1,1]
[0,0,0,0,1,1,1,1]

Problem 5
[1,-5,77,28,15,91,-8,23,52,44,140,14,23,41]
[1,-5,77,28,15,91,-8][23,52,44,140,14,23,41]
[1,-5,77,28][15,91][23,52,44,140][14,23,41]
[1,-5][77,28][15][91][23,52][44,140][14,23][41]
[1][-5][77][28][15][91][23][52][44][140][14][23][41]
[-5,1][28,77][15,91][23,52][44,140][14,23][41]
[-5,1,28,77][15,23,52,91][23,44,52,140][14,23,41]
[-5,1,15,23,28,52,77,91][14,23,23,41,44,52,140]
[-5,1,14,15,23,23,23,28,41,44,52,52,77,91,140]

Problem 6
[1,2,3,4,5,6,7,8,9,0]
[1,2,3,4,5][6,7,8,9,0]
[1,2,3][4,5][6,7,8][9,0]
[1,2][3][4][5][6,7][8][9][0]
[1][2][3][4][5][6][7][8][9][0]
[1,2][3,4][5,6][7,8][9,0]
[1,2,3,4][5,6,7,8][9,0]
[1,2,3,4,5,6,7,8,9,0]
